SNAPSHOT 0 : 2018-11-16 16:21:28.519472 : 
CPU_load : 0.0%
memory_size : 9 MB
memory_usage : 3116 MB
IO : 56537.982421875
Network : 242.5963544845581

